100 0.032243098000000026
500 0.03610854499999999
1000 0.038028956999999974
2000 0.03917623999999997
3000 0.04403932700000002
4000 0.04523057900000005
5000 0.04334421799999999
6000 0.042596100000000026
7000 0.04653368800000002
8000 0.05018921899999995
9000 0.05194369700000001
10000 0.05800767600000001
20000 0.07447673499999996
30000 0.08839120900000008
40000 0.10601148299999985
50000 0.12244077399999997
60000 0.14867133399999988
70000 0.13912352699999997
80000 0.137114234
90000 0.1543944530000001
100000 0.167673277
