100 0.00029166599999996823
500 0.002134015999999961
1000 0.004684588000000045
2000 0.010819598999999958
3000 0.01959254399999999
4000 0.028652760999999916
5000 0.035660739
6000 0.04426203200000001
7000 0.05558557799999997
8000 0.05853145599999998
9000 0.06488075900000001
10000 0.07606715100000006
20000 0.1636631030000001
30000 0.26740218700000007
40000 0.3727056900000001
50000 0.46817923900000014
60000 0.5713041400000001
70000 0.6941531520000002
80000 0.8144018330000002
90000 0.9223378699999998
100000 1.0295013069999994
