100 0.00045187999967311043
500 0.011887391000072967
1000 0.054749327000081394
2000 0.21440853800004334
3000 0.48537551800018264
4000 0.8230539910000516
5000 1.2915967489998366
6000 1.8603182270003344
7000 2.5689788820000103
8000 3.344850987999962
9000 4.2628317500002595
10000 5.16029810100008
20000 20.5614113419997
30000 46.78736924799978
40000 85.40060059100006
50000 138.5957617160002
60000 207.7310052099997
70000 303.47446313699993
80000 403.637661235
90000 545.7879666610002
100000 702.1949614499999
