100 0.00041411299999999374
500 0.0027211979999999802
1000 0.005182169999999986
2000 0.011273693000000029
3000 0.02012613299999999
4000 0.029897918000000023
5000 0.0410261380000001
6000 0.048438132999999994
7000 0.054496459
8000 0.06352552099999997
9000 0.07223220500000005
10000 0.07752681400000005
20000 0.18955835399999987
30000 0.26404052099999986
40000 0.34939951699999994
50000 0.5015982620000001
60000 0.6199668620000001
70000 0.700704837
80000 0.8033380000000001
90000 0.9309383379999998
100000 1.023673124
