100 0.00018591999999995057
500 0.0011043139999999951
1000 0.0025354129999999864
2000 0.005524087999999983
3000 0.009129379000000049
4000 0.014994811999999968
5000 0.021168075000000064
6000 0.019217451000000052
7000 0.03245617299999992
8000 0.027944254
9000 0.04119725699999999
10000 0.036450481000000035
20000 0.073684906
30000 0.127724544
40000 0.1818506310000001
50000 0.2225966450000001
60000 0.27041161300000005
70000 0.33025182200000014
80000 0.3807096240000001
90000 0.4355243070000001
100000 0.59591254
