73928
55901
8106
46514
71284
35176
12708
13448
6327
99974
80432
98090
3046
25981
62745
93645
75571
98760
37405
52545
67342
4903
27955
71173
62510
61969
71608
38279
10808
87328
43494
21711
60294
43973
54234
52405
47487
43902
55142
79730
7057
56296
7092
69660
23537
96325
11426
90698
35223
76466
47625
6906
76513
86903
90094
69609
44346
67753
70470
74660
26368
60927
79272
95357
58957
68103
87780
70748
61930
38861
54921
8589
79848
66910
23768
63451
56377
51908
95093
66059
70198
96702
3607
31323
83488
14116
77878
15195
9430
62377
79832
41806
42341
61807
38241
35105
88543
95127
55235
63902
84054
74885
63880
61873
86948
34708
73008
24631
50323
39624
79916
94476
7736
98054
27226
45985
60925
97081
97291
52376
52567
22755
73858
89782
15583
84979
87979
77384
39081
44999
15414
35104
16600
64761
41118
66591
69084
17092
89583
65156
21946
36336
82150
31581
94209
36668
95867
65639
68646
74562
60838
33952
1211
74166
86463
60439
56463
39926
5758
44622
5275
57681
95950
76867
80132
39117
17513
78781
99448
29492
7270
80485
67019
82616
80089
56926
42190
21502
85925
14924
81372
76485
10203
24240
94387
45540
8864
49981
2784
45701
15077
58998
41351
16848
8764
90833
50273
22035
88333
82315
68254
37270
26497
65313
77254
39971
75053
58974
1031
79041
74720
37434
13277
87306
45325
16848
24008
58991
43348
64705
412
95641
36269
76831
13126
14575
39035
49144
20149
70599
3727
48958
86602
72305
64124
56535
11633
69497
27398
54158
68913
38325
91182
27504
86340
19082
60750
85270
79286
54429
54148
49306
31095
35981
23596
32948
53152
26400
28389
11398
91002
97253
67827
18946
75592
54038
9719
64606
94914
35798
29647
1652
85799
88387
72912
60537
80560
85525
81823
67131
28438
4840
2399
63558
97488
8431
49139
52689
99982
42614
22652
36756
94052
57033
60892
81594
79070
73787
53468
66352
45677
21523
37054
14369
12025
69802
46678
44280
19909
48525
95131
21737
95268
82841
4842
46852
71122
72314
2059
91707
58867
74592
11764
87390
66501
55146
34726
94305
59735
33051
78498
13327
65441
11133
24094
69619
89105
54551
88011
54319
85488
41549
67691
17816
48182
37858
40357
22466
76909
68237
42412
67621
84982
14757
39174
48315
60432
98014
98095
77530
5129
7107
10126
20218
12623
45208
54881
61521
60238
89117
11459
38905
97374
66025
33172
65072
75056
29078
64909
52133
13666
26681
22611
13231
3918
1411
13638
7147
62607
53294
11276
40506
64738
40137
83292
49552
32053
51081
14104
37449
70893
42503
13374
81729
56501
71618
78439
39653
68333
876
25912
57770
8514
43212
89735
65681
33613
95940
83119
60461
95861
28809
13799
45361
33040
9145
63139
85804
81563
52196
5205
97770
88187
76123
30397
64374
33042
27831
65914
14932
661
44959
24443
7652
87952
89355
78052
75351
11536
81621
40312
1942
76065
12413
52425
33999
59168
24636
20519
19199
78951
82938
73054
13450
48826
67060
61361
50286
44765
97119
32983
25066
36859
79698
93770
31921
63987
29159
91997
8110
96023
80423
54416
25801
36441
44640
70595
29825
17700
86168
17075
66883
6935
28069
84442
69576
49407
37313
44357
93066
14982
17125
19506
21846
94943
95841
59345
69473
67320
46069
50512
98400
21797
4386
4118
86835
90972
79452
81765
25211
26299
96915
64922
94831
44470
24772
71013
31542
30757
14488
76256
21072
82725
67325
18823
56954
15923
28424
52324
17998
21923
42801
37417
9553
67205
41816
26495
90253
94008
53091
53343
91006
46404
23451
28007
47258
43653
15255
87647
84628
66485
71567
57216
83270
53600
59352
23835
79089
75306
65067
48357
88158
98289
58907
62673
37812
93596
78150
82914
15762
37393
65587
86654
87719
70095
32631
52943
13479
72096
40186
65285
97629
59831
45336
2367
64109
11041
6015
25884
20744
69540
35810
40913
378
94059
32122
82856
5131
97060
86619
82167
49333
73722
55561
10258
2183
70170
30074
63061
96841
18610
60130
25906
40393
73189
32479
62569
89968
15120
667
40047
61996
20699
35624
62603
63709
30514
47952
89984
94306
56551
97996
83549
18039
77978
40485
37884
17167
41908
94018
62360
44807
97163
87752
34199
28066
26975
85989
55003
16750
99450
40222
99385
91896
15234
87353
64731
38885
97967
52696
57466
24353
20932
3924
45691
22724
90732
23095
52010
79071
18830
13832
48948
75461
49356
42594
59519
72059
55531
95863
72449
27809
54664
69797
9120
21236
78713
99267
41549
96590
87119
17938
31392
64999
45920
87949
27110
82888
42149
91928
50826
54504
19649
59278
95151
94137
32504
25421
77281
89788
40203
77814
64065
38591
90530
60150
32580
45603
19265
99648
8455
37724
46292
63633
8719
250
69081
75958
80329
54060
4742
87885
63091
26418
32525
70721
72205
47430
97578
56693
35041
64771
28979
13753
25765
79013
72865
44726
16580
94521
31416
53555
5757
25313
51984
70380
56920
32252
91429
43642
20245
4876
71834
98980
51856
25445
42335
59299
46048
31975
88525
56827
4355
7256
93626
36316
80585
15919
11510
70624
39176
4395
55884
58154
37261
56320
30878
6120
54577
39894
6427
83629
13305
39243
31883
36819
31488
38139
35907
50679
9236
84783
98987
25269
14356
8123
40122
2920
92337
64071
46971
90732
90421
23745
72362
29571
5512
49906
91049
49297
58161
55462
62024
3422
87511
13852
76277
79287
44086
65796
29007
58651
37206
30618
54585
97202
56886
73908
5365
13788
60118
70651
24752
19125
81180
95298
60281
38895
99299
82912
11147
11398
78669
18347
62787
26034
27976
24977
76393
40335
82874
60142
43949
40632
28124
11934
87547
20750
97260
17985
66624
1795
97159
34085
93745
50160
33388
87393
16182
88951
76591
16869
71302
80827
3244
72818
85817
68476
87806
81486
48883
93875
33039
17371
1989
25314
59860
30291
86765
86835
86947
20741
82147
26617
19903
68798
37254
4027
32396
86550
87566
9170
76305
58707
96745
97015
67931
61654
83232
6180
18167
18676
23625
42263
55031
56903
54276
47062
97299
75079
46061
37517
33484
63046
59952
43392
444
64682
91256
37843
62340
94114
12398
76298
95899
13611
13163
7846
79295
50557
45316
3168
31957
33754
62793
38031
47781
88429
37599
70155
8754
2682
19151
77412
59258
53630
49867
16254
69189
39678
68652
36257
26027
34330
14664
17086
86032
74021
46935
57053
18509
1216
11356
61397
3083
32583
12015
67336
11900
66909
39952
47631
11623
13952
63864
54267
72908
68619
61480
79612
14225
8984
34012
12800
35125
19839
906
69673
39267
6199
79662
54164
24916
98014
22509
23663
50847
69958
50750
31683
4517
43876
47333
29465
42521
50491
59271
25259
22380
22530
15894
29605
57325
25072
91424
31610
71282
19211
81357
96467
59708
55685
11720
86119
87221
27122
25255
72856
93564
47120
82323
17756
81816
45638
50404
93146
82504
50142
38043
46444
32488
85450
3941
51248
23510
47053
32322
81936
63656
94197
25335
44203
89771
69620
31415
37436
55432
20235
28709
59587
47616
56688
37261
47309
37492
46729
71047
29931
63218
22988
698
20424
62062
86068
58638
77225
24250
63331
13856
31952
90870
70460
96219
31999
15234
89202
75163
4975
94017
9930
62072
27520
7511
85190
79526
41689
92678
61147
31979
63206
74602
54325
19310
67255
36875
93827
21458
36982
84277
24351
84608
5799
88437
88889
44987
8675
78388
67240
38376
65706
29425
16806
46740
30906
69992
38292
30384
35834
77057
48834
35159
8826
78597
26084
48142
52159
7207
64915
74716
50114
78374
69985
57830
31666
84274
63675
56244
20719
94714
23341
79077
72536
80780
1277
91012
20743
93088
97831
47586
94472
62713
73893
8618
38167
47397
92811
60137
80410
79773
80291
33061
78826
88267
58657
54182
79416
47897
83511
54480
42945
78921
30961
76382
61706
59566
76198
46887
32759
82800
82301
71560
15829
44181
52070
64512
51953
12053
57480
9890
20976
77581
10347
29791
9710
47304
56478
77209
95019
84667
71418
80929
14889
60255
42221
40742
66477
46090
89762
73103
67032
90867
11478
1844
70534
24380
14253
41894
9533
51408
84725
1759
79572
48026
57066
2850
72191
2124
49112
87306
131
89656
31297
37130
52270
18046
18541
31067
3524
82844
48062
39205
33690
1134
30684
92924
85579
21784
76755
67063
54928
95767
41937
70117
73369
85780
59822
18462
95564
28533
8163
3636
63396
36199
21854
49819
66657
71648
91337
56428
56488
49539
67546
18522
83581
40180
4043
1132
52685
75722
51139
78943
39981
59715
44936
70252
938
27601
13291
80720
40329
87844
26389
30143
12672
9487
83421
75393
9075
96396
67193
50690
14095
6478
51226
98207
97977
27619
82219
46910
28044
35295
59888
75211
85979
31915
76621
43696
51421
19407
6439
37505
56630
4687
43260
16754
60202
15867
20438
30885
2427
68406
878
23837
60852
93070
98328
51700
13282
70739
68163
84159
73569
82596
79441
93096
76681
83943
30386
29161
64579
85579
71218
88775
89919
89118
78574
34313
69868
88029
59217
38262
49331
62445
93367
69714
33518
71959
82594
66032
14282
93803
81675
38971
10199
8261
46407
96965
77544
78858
49695
26860
70493
45652
22920
99413
72146
93041
71470
84806
51763
50961
17748
54769
70983
35263
2403
3034
57151
29491
99796
83732
41444
69659
31612
20439
28821
98942
89738
56069
65244
76430
57959
74255
88042
42467
9580
67032
33774
65840
96330
90199
31042
19579
11864
39749
44612
9455
49108
6788
2776
29964
91492
95109
21012
11311
26056
5824
58256
72928
55969
55658
4471
80024
13950
26723
2399
9118
99902
61150
53425
49988
89465
42377
97601
45805
79877
81478
53534
2308
25220
88669
20517
45652
86581
47860
5396
29865
6906
64814
26189
11526
28901
84066
57334
58632
19229
94517
45186
62217
4281
39626
38550
45101
1063
7436
9273
65293
83004
78809
85552
21620
41144
11230
7211
94723
15552
46469
50628
7877
74031
89280
55003
45311
94279
78128
1424
79871
3774
98094
80649
49880
21043
35010
35948
36951
13269
51289
17701
88094
82661
42326
30652
83654
72275
8668
88787
33538
778
42826
74199
17153
89908
44971
48693
97067
59153
46824
40135
35929
66322
12988
54152
50511
26268
65698
98638
74419
46730
80052
21235
42984
60020
93738
23295
63133
69845
74562
46782
66338
88681
5268
50276
90033
70939
37781
1019
10755
26696
41096
71608
18708
71949
95149
80968
38495
35823
86784
19062
89087
7452
57333
56282
16291
18617
22435
71623
17623
57920
43194
18039
88361
82616
83090
74708
24537
89756
95462
3801
7726
71300
93415
27989
66852
91238
64259
60424
562
96146
16745
63233
37205
17847
18998
15538
51552
49158
81825
90545
58714
67613
98674
59045
67333
55464
29917
38071
79235
65788
99240
15941
16718
2634
20509
14408
51836
45271
82364
68586
96831
42957
52980
40229
45977
23496
45798
19543
60910
87082
18014
46349
869
11073
6586
51852
64835
90593
90754
42753
9843
12717
51892
32760
59987
55641
50399
56320
82745
46745
1881
16422
42613
59392
86168
37567
21830
30982
60318
52298
11373
41087
88357
8996
97483
38674
34642
22892
46708
50272
79508
42177
23795
41300
16237
2617
68655
46374
68025
40447
49260
92502
1107
30497
78928
45225
11107
54683
67400
2773
38444
20134
82381
80375
35337
6795
52629
68635
53674
34283
44176
11199
85284
30464
61590
5816
45291
12483
54374
48176
72476
16336
88214
78597
92894
47963
83274
84291
23632
43328
81533
65096
72938
88317
28540
47140
9707
5774
83281
28288
90433
70985
82609
68260
15972
84272
11031
74237
42437
51799
38323
54855
50131
19439
35235
16151
93592
91695
68405
66953
41665
64239
37182
68776
23439
96603
47971
37117
42965
44776
21264
65173
93738
67785
54528
73592
66510
65086
93843
26692
52746
26179
75829
90898
25386
91189
30521
25493
95093
45752
84452
37932
5470
62650
68650
93977
52052
16249
50157
32223
440
4222
32670
49833
14319
74603
93300
6757
59215
84441
35877
88765
36633
43018
58848
93876
57136
75763
82849
23558
18024
54837
66158
19323
67620
68652
68349
47318
70864
57041
86227
81605
63084
73223
37012
92772
23221
40960
23043
591
18847
72257
2887
40627
42366
43514
30764
27433
96048
61040
98938
70960
52359
62728
53829
20129
25770
68585
90531
89474
92972
55118
98383
27720
58550
5366
65058
99237
894
22557
42586
55963
76343
43414
59016
80429
32103
60844
89945
90674
87559
26275
34775
62289
77849
69637
63555
82972
85290
75129
33620
4489
54421
29408
12872
11961
17808
68766
88243
32920
36341
21877
466
28876
80036
89612
52432
36476
27180
44800
21268
54013
94774
59840
31764
40202
33691
89868
33932
70425
93302
82188
33083
89935
91642
37595
38148
47328
79020
95417
90342
54016
55767
83285
78857
56979
97295
33910
336
36652
24060
38263
16305
58747
76094
58507
33953
57321
22998
5551
43950
62588
74287
68237
19151
79533
12845
89089
21885
38456
65326
8975
60270
64276
2664
8012
53182
18498
95427
49120
24373
10175
66312
95751
72434
47461
58330
41991
94975
18199
49229
17133
23823
4046
71546
67400
33076
27853
31718
29500
49540
94404
33826
62996
72839
37676
79154
78502
32714
98036
8400
1895
61906
53133
13660
69290
93512
69222
40475
39602
98558
75443
83756
92026
58118
76082
50625
29838
23269
88124
89763
64256
41313
5917
93021
52947
70175
87342
26061
13097
2341
85812
92963
45126
88959
444
79506
12294
83830
65444
57754
73467
41739
86619
1935
75141
36616
71293
13935
9251
10549
16874
71965
32646
34105
89588
39518
69935
68339
2409
19380
89057
26880
67742
52900
29784
34179
6835
59527
30803
51761
93328
22834
87047
26328
72896
38369
53661
13352
52764
58208
62984
12633
74907
18304
72879
80974
90297
91248
41737
42130
21759
39262
26980
83300
66461
50301
56238
11112
38172
65353
68511
81776
70342
39961
77346
57974
42543
76932
4479
9682
2323
15620
84561
68390
71730
70294
80061
54151
25478
70595
88495
14733
12996
74575
52638
63381
48192
33064
36151
84076
86854
12574
10487
83870
62432
57679
47075
53874
77300
78369
52131
27255
59203
90359
16445
43550
9998
56796
47583
63343
82726
53634
49986
34234
56459
6459
35443
8045
12476
20625
34273
66922
39650
41614
36743
61111
47616
82180
78574
63098
16917
39914
50009
28521
73476
95734
60701
14660
11877
22835
93701
98005
32116
99205
19426
88853
38116
91631
93451
16511
5224
118
27289
24447
55850
35524
14200
95060
79578
39558
41069
94455
56720
70517
25742
41861
3577
66744
73797
57565
28841
72325
10721
21327
90944
10295
48465
92058
14323
45121
8767
5873
39954
78517
39526
80040
22276
69583
62777
44253
67870
88112
60731
72566
31300
70573
45017
25981
2938
80944
44833
36194
28849
36445
9771
53480
42960
9336
28356
39524
59901
12649
4178
83725
70751
1406
40031
38721
41198
3514
74113
96443
46142
86859
95616
96971
31581
56576
34941
56002
44947
77500
2967
32174
56810
73363
26536
39620
43711
85911
65115
47332
55895
40563
96133
92311
4895
34665
2101
77468
95469
70431
15851
79036
92750
92232
10545
26309
68525
16591
57723
44715
28448
83328
89867
38462
11792
14973
6958
51291
47670
40796
95541
51646
91712
6494
57223
44895
2325
43772
28195
25320
78975
74201
89297
35201
25841
86687
21079
11666
43276
49388
93200
59787
17294
45144
81362
17460
59072
40712
88277
5726
49895
76976
25307
77880
12791
10849
88805
92060
25406
36974
96415
59782
92352
71804
13697
71248
30307
82840
61442
47311
74416
6459
33280
48702
864
29323
7563
27808
28680
61775
12586
87174
29565
14197
34169
44605
54067
57129
1079
32219
26676
29793
80649
50655
68053
41290
29977
18994
17253
74088
71659
17963
838
56699
6860
65878
13795
96117
18671
91049
87646
66215
53652
45852
63977
71618
55036
44849
31646
54256
17198
54800
2184
88338
40922
55482
83707
87457
611
72161
3238
81955
46851
67566
45621
55657
95821
51047
77255
92080
35917
60563
4299
68671
68825
31447
49398
78120
78274
56908
84531
98343
64671
57763
95615
16746
81150
32956
66009
11873
11070
8361
45687
54103
11717
33867
96934
17933
89707
78233
32970
8743
5098
26438
37638
83499
59857
21938
56861
95366
2344
88629
11144
38852
68065
61682
95093
21865
52536
54947
53228
48607
50147
1009
73311
44764
86797
42405
60544
13794
24691
14352
41858
93216
62111
79097
38556
49520
76317
30083
49128
52602
34509
14257
44182
54988
48719
19937
45736
54061
67533
27069
25167
12136
10219
46590
62568
58370
88310
593
35472
56198
91115
95719
24472
19907
87171
1046
95460
38220
51259
53689
57761
75406
44110
69950
90017
34057
13326
92636
97147
93592
36651
21002
26140
68990
51480
98169
71510
81001
19858
36955
20381
85675
42114
12505
11360
63859
70492
18624
12977
8315
60157
59869
66810
19496
89209
46718
23016
34685
25922
8517
9908
18909
28744
67173
64768
41486
91445
76927
28431
74577
51378
25686
50060
16237
71541
6977
86989
58335
18964
2243
16946
84012
50873
16576
7641
61005
56401
65016
85807
92216
50903
72556
36000
588
67007
70292
79133
24621
45632
27148
73446
77993
78814
8557
96962
19683
3774
46082
45465
96858
87246
27202
44834
43675
45940
35910
80209
63632
57069
25823
74168
41263
28242
92988
37910
18772
68634
83110
98111
16334
59000
92105
93897
10952
22530
39979
24600
97343
47438
79555
74985
57302
25574
55176
44466
87643
60589
70192
50148
80678
98110
253
69121
9538
47432
97895
11479
76758
68644
59682
86207
51769
73668
19328
50423
5717
79315
25509
37708
83231
99543
17301
87033
73195
62767
29389
47342
40371
88891
58627
63198
74240
52170
21954
64067
47645
28063
25004
13612
87310
39123
63751
78768
3426
81706
34703
74497
65671
98443
72336
50273
18644
56925
62716
11014
14298
25042
25266
15118
62590
94797
36137
55847
15710
7549
90914
85975
58254
39676
65848
53467
75665
23691
22754
80304
76557
10036
66233
32771
87008
9148
10830
689
96381
10278
30467
21177
91008
92455
34836
53641
32101
99377
12781
83470
60442
79243
75780
40987
68820
4866
68227
19662
28589
81581
16763
88077
18688
62757
59554
40369
37816
63551
53283
91059
77660
54916
62064
28800
98454
25559
81589
88716
47839
64944
75363
37600
77833
80174
3752
69785
49675
57484
25886
82929
51224
12819
32621
94399
30950
81706
57155
57880
7192
14026
12666
44244
95035
92544
11785
78208
57846
16209
3617
4815
62475
94594
91010
66199
48934
19935
22877
69660
15940
40597
97697
6085
8201
87720
57080
62126
76750
33909
60136
14755
38276
60902
61939
60654
3770
24507
52171
74771
62279
85490
67796
35358
50904
65224
71566
37802
53626
26469
82577
97733
24182
13497
95117
41140
70133
65408
82947
12380
13552
17672
44315
47450
11880
20539
48553
67832
30180
74680
20711
79302
3698
95263
35372
30578
32060
35750
1498
18335
98750
26506
79785
45764
24486
34327
56276
52557
14252
11232
5715
46342
76425
27931
52717
23901
12496
77178
7715
18282
97
18871
55034
62412
38464
58292
30049
12121
62766
17722
8662
83146
64620
71837
99180
19583
84599
54361
82750
19584
7010
8836
82799
75315
12904
88415
67598
81320
49432
53683
67895
65908
59350
12484
80647
54441
69211
56316
77461
51133
45649
43635
60348
34660
12620
78534
90208
73540
99461
25186
33977
82828
61740
81347
23775
94337
87554
93993
63286
77540
92698
75467
87312
26722
74062
59644
86206
85105
73660
66684
51886
32340
23367
49727
969
64271
50927
40594
98206
99242
99651
76936
83524
3526
99660
93307
49828
58477
34855
68538
84842
15249
21830
54754
84225
67734
28347
2200
12535
25677
56754
6223
47426
77525
46821
62588
33283
54706
42308
5430
22737
40270
11058
76293
85680
14614
81193
54840
93597
22793
71642
42851
61523
11725
22413
31508
37440
63623
47207
84489
40638
37308
5811
63734
30956
75589
54134
41332
36139
17518
99876
10267
39252
53652
62657
22320
69625
9941
35660
93008
70123
44320
79245
20519
30539
19447
17340
63917
65695
64455
37099
25821
51278
94750
46195
71074
57421
44091
68210
97036
97437
6453
58843
41594
77345
52604
67238
34232
93393
34242
61687
21592
68785
46865
52892
32324
49865
24736
46234
33764
44373
79323
73659
5532
88762
15271
32862
21625
40056
65810
81309
22018
28094
56759
25293
49408
58634
31274
92542
30589
58015
4724
27507
6346
38711
59969
57368
46114
98452
78978
33235
59277
79053
83155
84370
87853
98167
83044
5608
53605
98661
48877
85431
75793
97082
85796
72697
943
26747
38218
90682
99428
67960
67237
83185
69476
23927
77105
88736
46110
76729
51154
24803
33899
27905
62590
46479
84211
22012
28773
90974
96882
27698
12243
70201
90560
77334
38300
80366
39935
18858
9203
78576
54489
85369
95558
73359
15117
90239
19354
84393
21113
79894
23992
47358
16574
39975
49986
11937
58578
43013
4509
60888
94216
18912
30528
65391
44348
21307
20374
48540
286
20776
9416
82874
51862
33955
65448
18018
59191
94420
21229
73800
92574
40632
81583
75360
48663
40147
32467
35962
75124
89556
37584
73883
38865
20150
16078
59175
25378
10273
13538
99841
48345
43990
39431
88935
33734
23219
85177
83965
27834
99145
65715
24860
21623
32349
50345
68592
75496
12011
71081
77691
35138
47005
16794
1400
30480
58364
39236
59928
41661
54920
24210
49340
17719
94232
23072
87803
32418
14105
24159
29491
50341
9884
39002
43683
675
66762
91063
70496
41925
29674
74241
33095
83505
2045
60024
77179
99467
15259
41018
9510
21798
2797
95352
49026
81304
89357
39793
84893
3270
94830
98184
9165
47709
97630
76603
88180
76835
36812
6245
23685
90
78497
89181
24764
46987
40482
42996
31587
22902
56084
96422
74962
2999
9733
83176
64196
15234
91980
50079
16981
79091
48492
5113
22026
2755
33224
25068
27039
28603
87237
4016
9075
24248
29503
41410
41186
75794
64321
7460
1233
12136
31679
12367
61351
19642
73816
11479
56564
56474
8689
66431
18009
4917
27675
80201
1918
19019
22598
38894
70916
5541
8659
74740
69197
83757
72265
49025
19109
55313
72786
70101
54726
16447
89330
74791
75485
64970
32720
49945
34287
93356
27683
47273
1404
27197
72916
1920
93326
79426
77996
58556
61785
55946
92465
81738
49493
87962
92853
18634
12252
58210
47851
11833
46922
14119
87746
60277
30615
28533
35111
23284
17606
75948
49572
50110
41478
57206
92539
73
95300
41269
1707
65115
24631
90790
84157
46973
70902
56723
13475
57423
15646
62200
40849
91396
42075
92656
13153
87449
55330
26009
59416
70159
66761
16721
1122
26114
207
23195
74217
27876
49870
30131
98069
97577
68317
65505
2017
37009
89756
39811
26081
26478
80723
34133
25864
37051
83895
20414
60609
40543
82846
6122
86921
74561
1994
33162
33433
13664
96869
89122
68956
77817
115
90173
96454
88251
14496
97501
85682
38859
99435
13481
49561
84127
33803
99190
46739
93530
23206
68135
18919
27654
56825
97538
79911
53079
90046
34466
22291
31516
74250
50943
60785
30903
2646
16694
73476
3125
31806
54654
3476
98224
72056
42369
19570
84842
59575
86073
77975
59642
64236
39025
11156
79074
47498
47298
61087
27331
41282
90138
66882
73595
36790
41168
36853
10751
19900
70944
73983
29684
2376
90680
44534
13216
52088
41467
90342
62154
56150
93640
20337
36953
74909
63909
27073
17508
48135
49496
76348
35256
33736
10570
77243
70247
79544
68936
91287
67314
23046
42947
45123
92351
77430
71218
23287
33271
30040
20248
2785
6781
37391
42480
67715
68315
17946
8790
9532
32848
40971
28547
44044
54675
21166
96069
9738
20951
7021
96365
13973
5992
91430
76784
27463
65135
17948
20456
31189
33627
41153
10669
20748
72161
12970
18730
13969
79177
57250
23969
48127
94902
30677
26368
45027
55723
39538
68520
17597
86131
76491
44993
68793
66525
72828
5754
64132
31343
30884
30557
34029
24467
4165
24015
35365
69421
18979
3540
13712
46767
41881
24885
32589
81790
52493
95679
86388
53887
53665
78117
88301
22461
67883
91224
79461
86978
63889
73625
39164
59316
12972
28343
73000
42989
14419
34992
3863
67178
54798
58896
98825
46387
45838
62485
59563
49721
45639
27892
98328
42430
56974
9059
20767
33096
74329
9219
1631
17094
83845
16578
66888
39758
68315
11536
58021
53422
1698
78615
27012
86880
38822
53297
38587
29012
43869
99304
84329
356
50576
46376
26739
31111
19063
40374
52843
68844
33751
38120
68075
58339
98600
93242
25305
64287
88014
3857
99543
69763
5717
35470
69788
17767
923
36074
75353
96337
17946
53005
39579
25986
57713
50890
39344
97590
59064
73606
29317
67286
9135
7833
36900
31318
60779
69084
58304
35417
17694
55083
64735
12817
84075
29733
50020
12930
15620
80715
36946
97616
8338
727
48638
91518
66503
90566
53846
45968
39500
43261
71063
13795
97585
24993
88436
18986
72252
57060
98265
56677
24534
32162
17764
80215
86553
66298
53809
35523
38613
84361
86481
49607
34906
85145
20049
22065
38476
4514
54112
33744
64647
36639
69163
96952
92752
50888
57788
38309
30891
74880
9386
86597
95624
85035
56881
88156
5930
12259
83161
62886
63895
50350
65362
14532
41279
53695
3518
64638
10414
61715
60194
75646
42397
60281
14700
17462
96945
26027
60321
73881
16737
20811
35287
94262
13546
27227
34710
79832
97187
59141
22367
20569
83080
99750
54041
67787
66444
38486
54801
38057
52223
9255
65830
79610
18966
46204
66680
84592
45080
92553
10171
84702
77849
71568
19544
18700
13816
29203
86143
11950
64056
42430
28560
41823
38416
84908
39779
49173
5981
29173
29611
62774
82518
7444
11978
25815
69189
23281
5223
44592
98774
79832
97389
22181
77279
74596
83359
18484
36808
1616
90828
83321
67156
63219
2507
30837
88483
79173
41617
26264
22693
20315
40813
99781
36029
73936
60206
89691
48251
99665
21122
14476
35038
91961
39402
87872
86640
43322
10883
76155
87504
32911
38503
43051
86434
62210
91724
29394
65799
12009
82173
13607
14418
70801
59924
69306
64027
59602
13751
92068
33628
24959
87895
5884
14839
77503
69919
82966
97694
73018
30873
54604
74593
78570
25874
90742
46743
87997
87477
46842
94274
40594
25528
18199
16420
61811
91017
16749
23713
36086
71453
88145
31504
99321
1543
30103
71220
76755
59830
16947
23801
44505
69396
85476
24925
84150
12114
4761
58039
31123
36238
67539
28628
51432
45932
52808
42323
41263
16944
77565
90216
14130
31741
45007
90226
77904
80602
11677
16176
66054
39330
43715
99342
52596
68149
44966
58111
33876
45905
69627
43903
96935
81941
69986
75731
68632
31300
57632
86828
14975
38022
79044
23906
9533
41577
24451
61991
41382
18141
87733
58145
63855
49340
35255
85998
48527
33179
83982
44913
83301
78366
51022
80090
6054
28953
51554
31220
75003
1731
36491
13500
75411
57886
72650
81577
16351
65151
71601
14942
49610
3908
23077
42298
94579
4638
51638
7055
50916
75013
44153
36609
30442
86159
12669
80161
91845
18327
64050
34017
96094
30386
3320
21711
85543
23196
91742
49255
42872
82980
93682
8661
9600
11984
24026
16598
98931
65632
55115
93498
93970
11496
87461
56272
28967
59191
37136
8222
23078
17790
23811
60920
15471
18107
79957
27100
92164
24660
67382
36944
30233
42305
66713
30561
58462
27932
20198
1620
9976
3265
65503
45123
92958
72614
79347
5986
10525
71295
72509
57914
23021
38989
17441
19105
19442
74477
51665
9889
55346
60483
77759
69136
593
3256
84035
76839
9730
17483
98195
8525
40062
78024
67103
81288
92015
49124
63176
33479
32666
48905
99441
40546
18302
63825
11347
44827
62072
95269
55057
66678
72322
30758
52589
33635
23874
20726
79687
33325
64195
2856
90092
72120
61958
83820
42796
20240
79507
24965
52152
96133
36951
87391
84891
99245
485
94039
70937
73524
56421
22763
74091
90147
71180
97964
29702
78225
43579
29239
88039
8204
93149
18354
63747
10376
77154
95624
41622
99061
48690
38445
88875
85786
78433
3777
17359
10562
88485
77054
18683
80284
94960
4975
40463
69531
78449
37813
44132
85941
41582
25764
73866
28844
86306
16922
41689
82492
42423
14708
80390
77913
23618
87494
10243
14621
50599
32715
15093
79109
87882
74073
46984
6461
76946
93809
77782
60460
79078
38336
95674
27357
46393
94232
4845
26548
41636
87252
23732
65582
40946
72524
84535
48238
14798
25361
43352
19607
98172
12842
15236
15502
75023
22847
70902
12941
63618
78035
52839
62381
96601
38572
78469
53728
52336
95735
46179
85457
52183
62151
55615
79780
88925
52424
52495
10138
66235
83167
87677
97360
69384
76695
99040
5097
87711
77834
82725
15211
82599
17911
98291
80151
19430
70869
60167
92975
62755
7577
88928
16263
93966
65087
74223
1494
14621
90146
60099
69820
48594
34927
79822
60445
93042
33288
56402
43539
98036
56876
73455
70340
40482
28323
85973
26922
84125
62157
88632
362
60236
95198
74254
75676
79680
60888
76070
34141
21317
21642
22579
30121
2053
52764
86570
25034
41226
66957
52145
85849
48511
46997
28496
99593
42043
8811
25763
95688
94485
14696
86290
27941
63353
53330
64917
34594
47271
54492
28883
897
18077
16556
96470
95702
40237
52662
26752
40998
67420
93389
45118
68111
94758
92175
27868
30554
24583
76991
89970
89675
28165
41667
19613
8979
14635
7855
65297
62030
82541
16354
84029
42930
41147
48372
68913
70804
51203
34528
91065
8475
13775
63035
7640
73346
72639
2285
44418
51
69311
8796
78774
59768
68423
51227
36998
86339
6093
77959
86544
91074
67491
60552
31880
46689
59114
46023
55509
98308
24520
46856
39460
79053
7211
1569
30685
41568
29004
2259
59783
70192
82062
34138
13848
96869
83457
5445
25089
32867
20550
74414
40305
74921
69796
29454
21067
75824
35901
85086
58755
23131
59159
60065
40422
15214
91113
20063
34367
2776
61539
25316
95246
10189
76866
56975
88449
97182
70474
19184
82651
41725
85634
47031
25167
36761
81690
28299
93289
55489
32736
97507
71571
38628
37908
73280
86932
30415
4661
26712
72356
98467
69462
65503
62774
4176
96488
34647
15613
29797
97490
26491
69553
14803
77674
54779
14167
75016
81471
88145
27752
24016
97292
55992
14146
17701
53645
42976
6952
23034
73432
37217
7679
76769
67403
3015
51143
19997
3174
72990
50232
50363
48138
27188
62701
67818
66772
34612
45659
30017
6964
23164
72053
18327
15152
68764
32145
85245
17367
63505
7711
25006
64093
16702
76924
79359
39289
78508
63582
35709
22361
20717
39286
61962
60358
91763
65728
59354
85896
21315
46728
38656
83203
67358
52140
98073
60855
95488
93754
62522
35269
73814
165
85435
94318
54005
97925
22799
65113
64475
92143
40633
66345
4414
54581
65783
23543
22185
80908
90809
98363
68157
84857
65096
34456
38388
80016
44728
19967
6057
82273
19684
24183
10648
59507
77894
3829
9328
98343
34814
41047
35751
5213
19511
23020
7176
34742
39803
90796
83425
77336
45792
61525
3210
85953
7357
26451
13893
32342
78837
75507
7716
93226
96498
70617
88768
63368
89149
61212
38537
80418
6104
6824
77614
2967
25660
93815
89473
5136
31072
64047
10616
5486
5237
86403
59188
3378
25005
35093
48511
73506
68305
44763
74690
18880
90574
43300
76576
89852
60664
5040
61758
59538
82503
76498
22739
86159
94582
65706
52776
58586
840
81543
69885
39522
32522
62312
62809
37185
35793
75278
93941
25263
1379
24147
92631
40928
51789
48097
71741
94387
52936
26619
59496
33865
64059
47996
78049
56766
70652
37100
51731
28048
12167
63830
85751
4293
37029
14721
20433
29089
87581
61197
86486
14224
72956
34680
36470
16652
31435
35695
78698
77817
9278
53609
89236
52923
628
76500
87203
97008
50242
83205
17707
93156
13674
74290
3849
61504
84025
12649
48623
49016
1588
829
63365
96577
74820
86756
54307
75593
75391
16301
70362
89319
45479
92435
59930
50306
81573
71438
22353
78563
54016
78378
60712
27886
85600
63107
31760
98271
17027
83522
34771
5994
68983
89563
51282
58150
99336
10572
38919
80726
98508
26347
24652
70878
81452
68182
82795
82228
