15027
92438
6479
91944
14108
49140
82174
60492
98910
57148
80761
17035
95912
88180
89457
72486
63796
50180
60010
73528
22688
94110
16756
84488
50286
4807
88160
99499
94259
18105
94554
73938
27951
21495
21599
34728
22617
23546
72440
27165
76374
22966
36085
59051
36354
61767
42457
98993
96659
34754
64440
22696
60423
50820
83869
84669
46582
48500
97363
97332
12328
17570
58627
96701
81618
6736
53578
74849
29067
41751
45499
69781
90110
68699
81111
84557
17405
76054
39358
90556
69674
50847
65587
55983
16295
71371
53338
6897
80145
47238
65631
40168
10317
82279
90826
11067
40482
7356
61098
53318
35692
82293
84964
14057
84043
81611
36972
81829
38810
88984
67309
13149
68244
54318
70574
14464
32612
46743
66411
91129
95259
7666
25961
12902
72526
95390
54013
13987
81661
14079
43206
6345
6353
20589
28691
71203
69263
36645
98430
57450
76383
76063
47653
63281
30158
18493
3766
80748
23958
47856
72238
85621
50639
72525
66631
9783
81758
56832
78751
73233
31004
4231
56395
45677
66636
60368
6082
48101
61808
1462
261
60503
54493
6050
71818
44666
69111
6102
12766
18495
63634
97379
19647
28083
47844
96002
97019
71613
31649
24433
76920
80780
84630
23901
66752
58793
640
23370
47228
98195
93492
48342
30612
48954
15969
1646
44733
31799
56645
65331
6765
57605
13661
71875
94190
2216
11427
35231
27506
65750
45848
19046
55345
4834
26176
92870
95385
17420
14015
91242
172
93832
93747
31491
27460
62942
38116
39044
20160
99946
50098
38685
85114
98474
94660
63608
77126
26981
94321
75621
30806
46884
8367
68923
33723
5441
38760
17373
14133
32550
41007
59432
49919
41062
8539
46829
1952
26567
54599
20971
67795
79523
98084
7110
12924
86039
41856
65379
15273
99205
28046
86195
86543
26594
89342
73492
82891
80993
10095
87545
91635
65567
43318
53499
13495
88023
73945
12954
45876
47131
31445
63907
32346
57039
89456
37469
62512
22496
27675
32529
6544
23485
23873
98899
52163
36142
87122
33007
24221
69881
10885
90066
81531
57409
36500
70633
25628
2590
67551
98010
48999
43053
85432
90702
13345
35369
1441
16411
76823
46608
77328
21977
14197
22930
76145
79567
49154
54155
8440
6615
35580
82046
58691
37705
97769
9670
74153
85429
42917
13741
62108
74306
95097
24055
45969
79135
33330
84695
14265
22004
66514
54487
52359
47752
5600
7555
5865
42152
73909
30864
154
15100
7227
50985
32939
82158
46019
35252
62843
49105
60966
94062
69458
51781
85406
56475
38890
24416
92714
69377
41015
62798
30874
81097
91401
11507
98040
22134
94085
91189
51185
23244
5210
98198
7464
99008
2889
36903
36763
51573
51799
76614
88721
41504
88432
32025
59497
396
86073
27018
30242
34965
16462
33415
45754
44916
85085
94072
15773
78065
57908
4623
50405
19408
3906
39193
7907
5570
23739
73195
9608
15963
40814
68993
98956
542
70592
161
56196
17818
88228
8277
3462
90003
8497
76345
90467
3326
98591
62292
76221
46420
78383
18815
33879
89872
39004
24131
37757
46232
45815
85702
77949
67642
64725
88630
48002
23057
83498
60958
52420
71291
86098
45529
84920
88973
22318
5357
60864
70981
83516
25793
31284
44006
50019
48491
50227
80251
30427
36901
9747
53949
46719
44043
22501
22861
17348
44034
65790
53348
45268
33370
83793
14834
2718
4659
59987
77941
566
878
95530
13425
81217
55649
8622
10184
98819
42192
59899
23001
26974
20126
46348
72598
37765
17423
88856
24150
58326
52144
76450
76439
72826
60989
23485
66482
87032
78297
58851
92531
96367
84351
13364
88437
52453
13288
86587
5875
88623
10658
26165
70486
34899
90820
96027
43635
36308
22156
30429
19604
455
74675
92836
82007
24398
22819
95279
93449
66410
11476
1553
95454
99426
44715
86036
44341
84654
3619
10553
21133
18041
20092
32333
62499
23945
82127
98637
13948
72239
53548
57887
24122
22867
88408
19878
90053
20522
74167
43643
77775
67427
12466
19981
78937
89318
56736
91854
58289
7794
73469
97183
63618
37837
62505
2251
38633
33222
27511
57268
13337
95017
76585
41109
27881
34520
32250
13223
60314
64695
3493
35203
67219
63821
36280
46634
65156
40346
84807
62694
85186
35098
30172
94133
52789
96682
58670
60448
99385
50392
26334
74095
6546
92506
60696
23111
54878
2248
74078
57458
76886
10264
28600
64598
36807
29522
43641
60779
52221
13439
11323
20142
60035
88500
52658
98754
17152
78845
90509
62501
15107
22836
44357
61488
78737
78403
25255
82382
17110
57901
43270
11785
83619
79263
46144
35065
17649
66997
34630
32127
32299
61055
42885
17546
37346
68844
24025
3330
86527
57822
4387
94524
97542
57468
58042
70078
17446
86776
78727
18680
13104
17226
75176
15538
36016
62912
23994
3216
21139
4868
61020
82847
25506
52718
95648
51209
84164
47127
76127
90500
63628
91096
57086
24518
13695
96185
61411
15973
9443
54402
12948
49949
27826
81029
44828
15822
88715
56578
42254
96651
98565
80328
10420
22169
40936
86708
41157
44997
23544
19902
99681
71956
82459
75402
1481
95948
7409
83866
85454
11696
2539
13289
27134
41757
15860
825
65895
42481
20356
36506
94018
512
99062
33241
46994
18282
40961
80217
12909
77678
90203
39593
2160
1047
88567
5918
1676
82377
28640
34708
62593
25871
24328
48514
85638
27175
35023
30981
56781
50224
36024
64534
20681
68573
61286
37458
79456
81859
56173
45126
12738
17072
25259
92904
31224
52770
29700
58380
50550
54728
44829
39098
37131
68320
87791
8763
50879
24213
31044
36462
1266
15569
90858
42652
7771
56915
32547
27237
21849
49203
28447
59382
41789
17233
1536
46676
95383
7948
65106
36285
76840
89734
96037
62958
25717
39873
25400
98721
67268
92812
37444
6948
87419
86050
24118
92043
43139
83125
43063
61916
72018
19606
21256
18853
80389
43038
69348
90312
56770
81345
54893
44101
46688
84149
71764
84547
13594
93661
34230
87472
79556
93060
11033
85833
87849
26564
48611
37551
63326
9759
72267
78693
6679
81733
55139
14382
53594
75412
82750
3448
30624
35955
83480
58772
55699
50021
10392
96928
90605
46736
11716
42380
99725
71107
87948
93713
66205
12985
51093
55754
97021
41353
83341
84166
34984
88217
46698
40460
48023
66834
86908
37214
66371
52741
14711
82244
62892
8806
8939
17570
12793
8066
24756
96122
21650
48349
26705
38518
93096
89146
96252
