91766
48174
67740
66025
71552
1791
80400
11932
95632
75422
17258
28340
53169
34259
31013
75694
83982
92170
10572
59523
94664
44147
34081
60594
46242
8178
61228
30347
35983
44189
98964
85583
72406
82208
94110
31033
73350
64402
74567
25255
84510
25109
26089
43573
22488
21414
6816
12358
17548
22890
57140
57153
7471
86715
76963
61733
31138
28541
13684
38644
55745
45690
69231
60060
87369
73321
24505
80588
1087
36158
39193
70795
78306
96040
42491
59766
70140
31824
97439
40064
64478
4999
99777
89173
34743
95430
77513
23444
57699
78320
11844
73886
59153
92201
87388
75471
98733
93236
4147
2282
34434
48659
47150
42971
36964
97600
77583
40037
50335
29284
54596
67155
11305
24117
17757
97845
76611
98032
73825
74829
49034
42665
35504
29972
58058
39475
69472
73883
98585
78881
27807
20389
64118
11968
15836
71138
409
58334
84842
6217
92088
36286
11786
46423
1838
97125
67669
72240
99018
59467
61892
1375
20719
50520
19396
95700
2067
13573
44414
73240
84298
43154
35265
39687
46771
53464
17824
40306
89486
89717
74880
90349
97841
83739
73815
38471
17159
19818
6626
41762
99058
90497
90503
69022
14559
14015
27688
80668
38173
79386
13821
64541
69
66952
78006
80458
57167
80520
92372
5110
23394
44057
40941
39967
2627
71005
67579
8490
57350
15782
32951
3812
59249
88795
24122
93113
25449
55518
36170
80557
90967
49379
76611
68619
84162
4557
51640
56695
93609
37171
8888
50459
32116
5392
57248
5051
99923
9913
81862
81649
32373
28654
98931
37169
86301
16838
38941
85286
56837
72042
36228
44097
86347
82785
29043
20119
85520
52516
3061
92872
24314
88529
54874
86604
13267
69911
96693
34273
8664
25800
34602
56431
81924
31480
50990
49162
72669
45357
76910
28271
168
57896
29927
66835
13909
15771
63838
89744
2648
1317
45760
21809
2435
58456
62741
72363
58853
43727
19475
37952
24934
71906
95113
45790
16436
70405
28492
85008
77501
69645
72561
87125
21473
50669
54525
71268
79486
25580
11133
87057
11325
42612
74299
26547
63142
64067
4708
89910
88028
622
7573
62823
60962
58284
45782
9944
71613
73816
47407
92917
77751
51573
88421
22726
88567
63512
52914
48484
32266
56010
48742
99370
40009
8782
60117
30326
67026
80681
77077
71194
11786
53397
96753
82184
8929
92948
38516
53156
44320
46336
12430
86404
59796
3882
25489
26193
97916
32999
75266
150
61157
65240
67358
29856
56717
80049
16923
22323
65958
74002
64019
53998
74043
72168
6039
67177
38690
97413
17939
40994
59611
66098
12616
80667
96449
18759
15889
89194
32310
34121
98050
74687
89343
82802
38826
75066
27395
69494
50429
50700
20796
34053
191
9705
23736
63189
97228
35840
3976
69278
54048
70629
76204
65323
99774
61000
17675
76708
34256
73020
21770
66081
62323
30713
64743
74943
49141
26087
76286
76355
64528
142
53681
34812
37065
18605
76272
64299
52461
80136
70917
28292
85480
1747
96694
91242
47959
78365
78838
36016
13286
37834
14309
84972
50956
566
79603
24475
21338
29734
83128
57039
79979
38057
34339
25187
22410
35764
11250
20779
23066
88261
98368
23555
26164
16845
2719
95544
64443
2806
30651
72581
24414
55245
94436
50858
2052
24436
35656
33711
72822
30825
1417
70985
53431
3621
64754
12864
34697
92598
4394
92421
90595
8327
17709
7810
99919
33172
26529
47338
50920
18810
30526
65563
30560
51226
53930
89988
36584
94229
81502
6837
71487
76627
55099
70795
48565
82790
45202
48280
52717
17229
50963
5030
29640
86228
57347
5131
10811
76640
77156
43562
4166
37238
82020
21086
31816
81514
93562
52412
41752
43048
78740
17561
88013
96918
26959
92509
89316
17622
89094
75093
43309
3166
57167
1662
66079
10663
55742
22831
18295
81780
36439
91505
18824
28700
43853
81751
67797
68407
7848
61018
33562
13519
82826
24807
90095
79130
21792
3569
67181
88964
45060
12339
74432
42842
83451
32497
55473
72509
77088
45596
68790
86658
34022
1822
12224
76551
6291
72049
97282
53604
95645
31818
56661
27227
61430
4430
50592
26999
96167
90768
46971
92333
31962
28101
83563
6991
88270
35882
51760
93320
27692
35745
71180
88715
96071
95741
95205
25113
88432
95860
95111
71280
68483
23030
50249
37806
32114
13931
19958
27875
9233
32771
47094
49002
95227
8243
72482
59786
49387
91760
47094
2268
53376
67594
55743
84579
81997
89447
12144
39142
87270
52441
5954
37526
71801
82034
32423
8399
83000
41683
24639
30023
63529
85412
62446
56291
76980
3295
46376
11090
35053
94883
80024
83034
26657
61269
38941
56238
12748
30290
73363
40446
24223
4440
12251
69718
79054
40724
31124
56787
3029
15925
3723
37297
8387
58484
91138
67340
9402
19735
86567
23083
56742
18784
13861
85358
14492
3256
66191
46706
56302
40366
82586
23333
17688
91013
68688
16760
53879
80155
88100
51850
10809
70748
63620
87523
16813
54170
61842
34876
56392
56644
11036
55802
51092
95882
1646
91886
77302
5945
37166
32663
87287
12552
91786
24229
15007
51385
48127
40127
32274
34628
12461
10277
75792
74573
89058
19164
54692
86667
51930
60799
65423
17999
82131
59192
94879
33038
20120
83160
85715
16769
44415
40207
37608
47514
79200
62107
83761
53430
32641
37560
11245
11963
66564
62912
3655
88206
42466
23314
94163
43292
19071
5364
77428
94128
68645
49869
78496
49124
90741
88915
21970
65203
21207
30798
46182
77188
89754
92900
87285
83265
61211
74079
39913
2496
88206
53879
35825
62396
55566
49528
26602
89007
26304
64253
80909
21903
43147
12841
74422
3548
32979
61267
58694
72201
91934
54838
46526
79388
8673
68263
39091
42409
37351
77904
27301
36602
33746
51109
36224
15201
83171
15448
10869
46707
54198
50737
2868
56372
7824
24678
68611
15688
10145
42279
8709
58348
46642
80920
34018
80514
21441
92986
81451
37417
77054
53380
14575
42562
35870
62230
72415
37031
63756
4455
80883
26400
54606
6915
93183
69866
39605
39234
83789
71056
88425
82772
31098
31760
40423
12811
42698
3727
41127
33672
4643
12873
71986
46923
78983
26150
23814
38625
64374
23178
24293
4946
40076
74705
8318
5208
22230
68463
85694
26879
66878
99089
99338
80431
23646
38380
19855
28152
16325
57846
73043
12172
471
4298
8620
53602
23043
20650
57846
33847
30497
40971
19580
56443
58794
52759
20562
45486
71665
97560
87179
24058
24694
35673
20500
1874
1918
24049
82298
21264
31977
15617
48416
38663
98956
58572
81753
62727
25292
15320
47926
52387
79861
56868
91272
49489
97320
34273
96462
96337
69913
10489
33050
44026
38203
40056
27208
76312
89278
88861
59673
31616
15869
11359
97535
58786
88518
59707
45005
704
9961
62211
93056
13199
83812
20505
32100
6559
96138
27346
5034
84651
80774
17772
59863
1906
27620
28702
75715
24997
88085
20221
44465
40021
6796
88545
68412
61730
37298
28067
2540
36529
1431
86240
47621
79368
38669
64127
46263
93140
93184
41434
45208
31793
96533
21946
77239
16448
40384
47665
36736
21249
21425
97982
63131
62391
75709
89127
71630
61593
43601
4176
91801
14881
68342
63792
62198
62999
13145
31213
69689
75662
39261
64612
4999
31219
10758
90195
44702
54254
63222
36513
98997
31389
25590
58326
39220
37146
67453
83215
82608
34626
46039
55562
59657
85776
13206
79533
65710
20115
77033
12988
34644
12526
97457
84681
57761
68140
77800
9840
2220
92639
5143
68220
53491
19099
47641
15133
3356
70447
73736
76271
24969
2718
63979
61272
67455
25679
58465
68235
59531
52475
94812
60254
49460
22990
1199
25323
52868
28546
76608
24985
41627
64124
16328
52583
292
29434
48900
78643
90682
78914
1262
8106
92080
46054
73527
49142
79453
13657
76864
55872
1457
35507
32545
47171
85876
90702
21908
11212
62101
72018
19869
78273
57626
6790
79471
11437
49283
70607
65360
93737
3658
42758
47372
71147
54316
3889
96750
3998
65945
21991
13914
64032
48745
75229
6446
51660
64300
55541
18012
78119
98538
68914
68937
79180
80918
55337
58958
54976
82561
54730
62436
58136
69203
56007
23452
5079
11220
43399
2907
90221
49558
10773
86563
25445
38638
27568
50250
23281
68987
18049
26628
33920
38024
4
34936
66379
712
88461
37318
1458
89853
31576
6345
2598
6126
19728
15512
5578
85207
58966
4513
45032
93337
77678
99638
50767
80668
55504
45774
8895
2680
87794
96893
26562
4546
32077
65067
37223
70950
86418
63186
54332
77934
31356
52688
89423
63804
38591
51741
40652
38870
83266
90037
47354
53773
65828
96601
77165
88339
34923
6478
71682
42146
42008
94497
21211
93202
57673
13087
77441
39117
82966
94092
44852
57753
22031
13015
32354
94078
2867
31232
44745
77371
577
25759
56062
83137
48826
37958
20904
70253
49743
49055
54771
83520
95746
44160
27215
85522
98276
27150
73087
1390
55386
37609
4259
53290
23103
73593
43453
77010
67229
41595
26853
74946
51525
74334
36851
66518
17350
6429
65992
52168
77221
21930
22859
89529
77782
60362
74713
10633
6313
24479
84490
6552
94030
82257
69459
77978
60359
17310
39894
75850
36402
81879
24650
89915
56634
93301
94148
97618
13317
34826
1992
98821
79144
88625
14764
24301
8984
74439
23579
33391
64753
12222
69557
87516
19278
23517
65813
65323
39807
61997
31268
5581
71300
22010
42441
16318
26341
24370
71356
45001
44552
96250
3139
73739
992
38006
58974
15642
45879
38746
98447
58531
87560
84927
31717
67686
85028
41596
1435
57471
83240
88934
95599
40383
39701
90575
9398
43895
27069
38962
16303
81307
93026
52773
32561
18029
93579
69476
2677
52616
42006
46999
21433
48261
8507
82935
81191
50849
40801
43137
61093
27259
73130
39347
73925
69563
90110
62077
44465
96881
79253
2360
99330
98092
40175
81750
83859
15449
82962
31385
87900
11301
8988
72953
25870
46994
75481
66428
98455
88118
79312
90318
31937
95342
48011
17558
13283
52377
29168
76431
55960
77368
67414
66704
53294
34335
18298
23668
36527
96675
2228
9054
51808
32312
26068
29925
11804
81078
61340
15428
10229
26093
34950
72168
10322
10711
5541
87093
55807
12119
22187
16229
4101
23242
62291
93553
34383
41824
47116
62134
61746
94137
59360
78506
79245
49849
12555
66521
95064
91667
78533
32356
61052
372
85945
65839
91934
25387
92875
72656
15472
12200
4396
47052
77921
10999
77136
9676
62370
45177
25032
36774
78595
40991
37558
57624
13205
93229
43502
73788
55365
36652
87667
84153
93168
8860
29151
25477
89391
51791
25527
97357
55332
61654
12493
52657
86199
41606
35800
54152
44747
65851
46218
97674
4436
72115
40471
47535
27947
80777
54794
97992
87035
94139
43611
92570
22385
76078
31167
9135
63339
95960
85201
45018
1763
54198
96274
20629
77097
35991
11712
10307
26779
7960
25393
51299
39069
59728
68246
6479
25943
54459
29700
30999
17329
3298
52271
29329
83712
88664
74298
93651
57607
42484
65975
32303
3179
19828
4874
44418
54017
6564
39391
25600
78423
80763
22581
36880
21422
61540
2625
39950
91256
29756
96763
22877
11394
61267
91518
38840
92868
73966
67294
34509
83613
50971
81642
21512
17546
85050
7589
12103
29595
65303
21160
3360
38073
75718
23263
82893
18709
64284
39157
13614
89572
40013
34270
17604
65396
72714
34602
48061
83080
43782
76593
55142
41158
85247
18530
1563
52278
40001
7447
77900
95247
7192
27235
54126
65048
7267
27374
23428
4806
99711
42837
68713
26940
28419
44572
20618
89492
78384
43438
78122
59457
70471
13392
78094
95867
88936
95052
68718
35203
40911
49487
38266
41422
28518
63249
54421
91890
86889
31396
1362
73562
63378
96419
75019
14497
76039
16767
73905
19824
4902
16099
22856
30318
66330
23869
24453
73726
10453
74641
25417
68712
74137
90622
17424
11824
27985
41528
39326
11160
94611
63253
7630
2176
95055
68834
5895
6094
84532
44976
98230
33834
35676
76199
2494
11940
93323
31253
59065
59032
12534
70892
95701
61303
52938
75511
33914
58320
48751
488
80508
38421
38293
80058
23294
31287
95960
31940
69111
96013
84468
65655
71453
5515
5953
43945
19461
35080
52120
56766
74364
71501
47269
21473
71020
79953
91621
20552
5348
43725
77264
15100
23033
82605
22036
18402
45176
81108
84620
77372
25762
16610
51761
80904
98899
31134
10989
41799
19360
64
51409
41556
24565
28205
44426
32798
90947
71343
62238
92837
32539
57053
78440
14702
85024
41047
55615
60027
8426
96606
94473
727
77738
45362
82462
75670
88840
46279
21985
34169
27586
85666
77606
9686
90983
36863
77411
21076
27998
80427
92043
56576
1944
8812
78306
18370
36635
6386
21058
79434
8883
2621
7111
15181
90343
18093
86046
49410
13049
23219
46722
72621
67783
20832
25810
59777
67683
22277
40535
95848
28809
98666
14158
2757
79855
67659
99205
18573
30138
59947
72453
73235
48661
50498
35519
69066
5385
51045
89634
39043
44957
26715
38284
28474
66153
32088
71564
97856
96704
47067
24253
84235
82112
15767
92371
9519
43826
31588
76722
5981
41421
42605
83303
90059
97074
14505
90961
39564
54672
87950
17874
74902
14814
20355
68259
9781
68188
37094
93579
35956
21021
86327
40236
72110
63121
97747
65381
50001
87640
23767
67743
6270
17518
69665
47252
92671
35157
43481
94076
46914
53802
43746
66958
93369
2018
54060
94654
93223
19488
36348
46829
97568
70466
73385
81283
903
14101
71673
7137
72891
69357
21292
38900
5272
55692
86841
73893
73330
53891
80382
23338
59539
86667
67165
36149
41111
32628
88541
78676
10177
35354
21370
60847
56702
8986
40001
99144
98529
73453
90073
27586
55558
62693
56578
91625
79074
14046
52438
25478
64875
52596
13427
73477
26697
46694
80846
24474
77836
88366
29782
15193
207
88712
67117
61527
55509
93440
30644
74476
87948
34811
9753
31944
93011
56801
45644
3984
17504
42757
83478
80441
10472
59779
38369
97867
78514
56184
89741
24285
71970
51324
79281
66302
42144
30947
48125
37880
47211
39311
86389
29876
54783
45898
68108
59882
56084
24920
47318
47558
12576
66534
17346
64471
54570
59166
33045
34333
35011
24312
73567
10707
82925
29522
92986
27606
55916
63953
52507
11314
13609
19881
10135
85705
25713
37560
67576
69753
8354
70852
10745
79437
19731
7488
17189
4209
20476
94057
42854
18092
71287
29181
9347
74822
95216
54762
97685
82027
98560
53362
67843
95506
57482
23184
34451
5365
61838
97172
61338
59804
51251
34092
1747
60208
58369
85208
44753
22505
22419
35306
40335
6784
81778
45576
57765
35744
37995
44426
79495
81218
26859
13362
17580
99913
98880
33076
1726
75684
3459
51890
62267
51579
10951
72490
64850
66385
75035
52903
50233
19778
22545
20027
71843
86344
62889
13067
96795
27505
35214
16275
26029
39718
98876
51112
61547
43959
97031
75346
11911
5066
82913
50410
58374
58875
30232
52415
16029
46759
55535
41969
6869
2752
47026
20059
82787
44624
54671
34048
58942
80292
19373
67324
90435
61927
34653
91811
16813
82803
69510
84068
80720
30503
94367
12784
21868
54590
74402
16624
88897
79917
46047
41412
22930
46213
25658
17669
97987
83450
49129
30845
42691
36021
14380
38419
27699
87589
51793
76187
92831
43706
41077
83250
48554
62449
70018
60690
46147
48951
36308
51204
25239
15922
9502
57070
22558
99303
50314
46244
22678
68004
85012
68838
90903
12526
11864
43351
72327
56807
38803
18101
12289
45772
95338
7733
18515
44347
78008
25297
22792
90171
42794
40328
74970
92831
64165
97414
46314
2145
39193
22189
95939
25596
65566
76454
44054
64251
80749
8129
55238
23975
31016
79933
11370
6305
6317
99805
86836
6772
70012
20330
23958
81649
99281
31770
97060
96157
91642
99369
55870
52680
49693
92506
64633
69991
519
25047
87758
82697
21007
28741
80191
44352
63571
26454
13632
14498
12310
84526
21973
85237
65838
30939
26560
87693
83957
88031
85047
50669
1679
72465
25012
64465
88264
40360
6240
5673
9177
90023
34611
47452
20694
15050
97620
2855
38018
23277
87481
73605
78589
86195
36041
28986
93450
63145
26544
69744
31840
68013
82138
32240
98668
6135
10437
80868
96295
99008
7731
81322
94899
54265
85868
6010
18412
92591
31004
88959
16629
34661
168
92333
9647
58436
98883
12993
40859
48374
55169
15078
10285
27384
26940
88509
4592
37747
99595
82312
43789
38431
15240
53040
50676
94099
1673
82530
8309
14505
80047
71925
36892
93527
9584
6136
27125
24098
38507
53937
97435
33006
58702
6376
96436
92166
48453
62499
75342
24348
52090
14545
58041
4707
75308
46589
26783
66568
17905
88166
42329
49883
26036
95138
75150
75372
4939
7411
93805
93687
22824
27849
9253
34787
2190
6838
68196
45829
54631
59035
36293
66895
76293
80246
54999
99198
17347
19564
29081
26161
88462
66804
46642
31451
52504
91102
60746
86074
97217
37257
82852
98302
24374
11541
86060
33070
69021
75445
81145
64170
83504
85722
36378
89864
75876
32156
41347
93843
33427
15483
83617
9846
26365
41784
86706
87461
67715
86167
97473
52006
87163
88514
70860
90568
44401
41275
51324
27088
64903
58574
99074
86122
94662
11110
82568
45726
29697
29366
73132
15564
17219
57528
70738
5530
23603
89450
1613
26258
41323
39283
69178
58068
73527
27498
55921
28585
7889
73427
17584
62810
357
74166
47647
95929
88924
46186
63321
96904
14209
44947
16220
38365
18010
93755
99418
58834
50557
26498
83854
44768
80303
34852
41995
81959
86069
78912
44349
62733
99736
71261
76751
52514
75508
11781
45627
81927
59840
40520
23789
96051
83021
61916
2617
64248
69183
450
42524
7223
9827
37765
77010
60765
4054
48394
54509
92224
22926
67884
76278
83992
95473
50226
68533
53075
49219
78799
56637
83912
24393
34620
50469
62504
222
35370
61248
31834
47594
57329
90358
56567
42358
70364
24213
88774
76557
27736
37674
92739
44394
53861
14955
879
31704
83238
47774
11079
757
84113
77082
65119
13781
283
26665
38897
28220
24525
71847
70670
97590
57715
65711
20328
33854
98597
23359
27309
24303
82544
56770
45099
54631
4348
21961
9498
784
66924
52435
79982
93539
9390
44693
52041
37689
7918
68244
88319
85711
50667
76422
60247
79731
24548
87626
6297
43280
20325
7550
41777
91386
81534
16422
90081
16876
12769
23987
30365
53622
93850
29976
37250
85399
96539
79055
16936
67622
12539
80709
97917
69992
92390
94488
40560
52998
93345
25058
2472
35359
60437
22235
96223
42629
79218
14336
80421
55
6706
13035
51852
75596
28096
73493
4364
87063
93420
30861
94371
86651
17507
75075
12999
9368
39211
78841
6689
98544
71995
91769
80121
12952
20459
24619
97930
48849
93551
5909
88676
85844
53518
19088
54919
90599
49233
16880
42703
39961
25344
96641
57219
60783
58986
21966
40857
96899
74246
64848
33537
39860
81165
36902
65273
29384
2658
84082
42271
17914
98947
40067
28929
9698
22742
34024
37043
30175
54070
59974
44088
4337
77113
99199
47586
28030
34871
78360
99395
54962
36110
73485
5925
89510
59695
43265
91305
35462
6005
54140
39525
94931
86716
14315
42212
72581
9008
12001
18232
77290
67261
33806
9741
33896
61840
29403
18088
85668
99489
34771
22574
35255
26331
42388
50612
97351
78236
49690
32107
57567
83754
82030
43239
97396
12868
14630
24503
33690
81903
43328
42877
17378
37030
97841
64379
36773
83663
12845
13124
80843
71985
46680
75810
97221
67567
34351
55146
36012
75609
48531
73714
27589
44057
77626
71149
45705
18989
99009
78884
19986
47978
8988
88460
32603
50409
94772
33041
84663
56540
51995
75810
26037
72685
22436
92131
45456
82458
9876
4062
83389
81388
25587
47249
86401
54456
60834
92093
75264
17810
81554
80260
93494
90030
51605
35173
54507
47946
93777
93542
97801
70168
84193
11886
91900
83964
79988
99827
56255
18754
52760
59364
80271
97327
6406
19185
11735
29366
53297
58957
37858
58004
57475
80077
67244
69380
82936
44680
20475
78844
16192
22287
43139
91589
51854
18368
72833
29417
12086
12757
78355
11294
24380
63352
29110
13067
3473
46273
62620
90381
31375
53142
27419
56506
79302
54218
348
61778
38952
88737
84403
86198
15637
43006
50338
48150
67826
3600
89070
19324
86985
14295
27351
89238
20969
67618
8129
12093
43484
95898
71417
84452
59342
20752
56498
87620
36617
1294
84083
45325
73704
59907
42236
28892
84246
43128
90536
88674
19057
75070
9869
37043
61212
87202
38831
30009
40602
74397
16813
27738
19346
65512
47633
79992
4935
7551
73652
52622
33586
70187
5710
33795
94955
35105
23942
97487
85456
88516
75305
8963
77582
76264
19679
90991
26831
66724
26023
58441
13078
61594
95987
69855
388
76018
54685
3978
81948
80796
22709
19029
40291
38803
25525
77010
53870
40149
33455
46869
95162
37638
11008
60720
68386
21064
77930
16742
35527
79345
20318
6122
56756
10170
47911
67642
27541
24440
24659
32847
6247
93507
74842
72105
33126
1870
38976
66982
86634
57361
56061
95023
33523
74255
13401
55772
52280
18726
20497
19116
90660
32088
90590
80408
83747
92162
33238
63446
5550
43011
65652
83746
50498
51857
85460
99926
81647
55093
57478
50311
40698
9640
23137
64821
37661
87803
95272
82099
20846
98132
13071
7198
64879
76245
78195
94893
11222
73417
55023
80337
25377
37428
80861
19819
85513
68798
16561
5685
75080
65350
1392
11281
51775
97434
42781
37100
43374
57888
45489
91090
7412
92573
72328
179
70123
34878
40550
33282
43782
71497
42443
50063
82015
67255
56794
57199
26686
18498
93983
42890
87006
62539
21742
84926
50695
28194
14375
34051
6383
27878
6622
75579
51773
72696
24853
20197
82952
47963
87913
67081
32342
1720
26223
41544
55515
29776
76076
97223
56315
50867
46610
54673
75894
44313
42271
72040
60129
78108
90412
50458
56818
38798
22138
46379
10317
51863
93400
83443
61920
19735
74069
90343
40951
47938
79541
37725
16715
5220
60892
67176
261
5602
25844
43102
79176
48451
90604
75284
50890
49751
31729
73916
61051
47984
9814
29314
13419
44216
15509
24619
88519
7599
55323
99695
32682
48432
36541
45127
4726
8768
5004
85129
92080
14078
4046
56215
2151
4086
52316
74190
51460
62346
65560
71959
19947
38598
21855
88261
91867
25355
50380
359
59366
30896
21240
95627
38626
6129
15379
30482
67982
57388
91297
4113
40873
6735
31271
96315
62821
33770
56591
60306
13796
24632
62839
29843
86271
76715
85563
92210
96787
14986
94890
18368
99354
30126
38664
6618
86709
37752
99217
27582
10175
33024
49198
96214
66820
90374
51485
89618
65464
64883
30286
61449
93918
46456
22020
12193
34929
37550
17573
40712
1307
56180
59028
706
30216
53364
82193
4790
78577
70694
40650
16036
74332
91194
85252
88261
88132
21314
31423
57026
53464
34172
36068
10717
31479
5288
43423
1415
87809
17148
54562
47647
51242
83179
92488
27407
30544
81726
67771
25197
19942
32804
67800
47618
56842
55155
28563
28666
35548
58805
16635
64774
29901
9191
33481
88033
96479
69689
76432
63271
78588
3764
49848
83054
86256
55487
99253
9398
47697
57577
16109
43502
93099
68772
21351
59048
69495
25196
32741
48874
257
73651
77872
29350
46471
87222
87564
62888
83699
40763
83846
37181
76508
11012
44486
84858
38780
77214
74043
37869
29230
46485
96694
96473
19876
92128
26098
88067
29157
39785
49370
37843
1063
38447
83608
26558
38109
78063
97185
18526
6676
50383
9052
79677
24260
35417
16963
21204
23096
53516
66537
62834
25435
71664
26797
36005
34478
24152
34834
45435
37349
19815
73599
95651
37411
97430
83300
18724
7588
16291
78724
56823
13041
57398
62445
25669
82700
25196
70296
69454
69793
48969
74834
86001
75628
62036
95420
29236
14615
40230
58580
15902
1308
37265
86793
24856
87033
71818
86322
24324
10322
66243
70117
31630
2460
62226
12044
50696
83328
54275
87097
37995
9609
83470
98331
92518
52866
1100
53105
94597
11002
26920
94205
13235
54954
41428
28386
80631
83916
40379
88948
58709
23594
75454
85324
35511
76452
22687
9856
43175
61983
33562
35386
89395
86138
85699
35807
85030
7856
71941
32830
25871
89396
31249
54444
2547
33176
59252
68081
23334
55140
5911
71809
19172
27348
8493
97168
2976
91543
35750
61464
16548
39906
15015
35624
3183
791
49659
53658
95251
73927
16532
8887
35078
52941
26474
19713
61393
85172
85623
45322
67118
20998
4371
21787
69658
16159
78309
65104
39434
66098
57548
53393
36152
9135
54750
73747
8424
49468
49581
42107
28356
43082
73650
40083
93112
31666
414
44209
27439
90670
38995
15977
94315
9679
32285
17546
86360
46713
20360
8843
46631
38851
92501
13659
16265
91905
64643
55970
89556
83083
69231
93954
56362
528
89272
62276
79411
2614
28965
84018
13138
90642
40450
81800
52688
68797
78566
75445
24005
37037
3319
9119
51976
898
97955
9075
56403
63802
23681
6875
13930
14521
46110
9676
28258
60507
81686
80553
39171
99527
58454
50763
4753
3941
33117
40332
84652
72868
93973
6521
48666
6991
17189
50096
61335
14124
35068
32764
85468
95156
20580
13039
22256
76495
81346
49759
64033
22385
26811
20573
2642
33355
98128
78966
13857
43641
51135
21663
58703
17508
33270
47212
94314
75123
60192
70419
1953
31153
13632
50736
96676
76236
3932
54532
47255
64482
55519
89354
5476
42566
69571
90917
73231
71688
70320
77664
62337
94331
34048
26952
1032
75510
80892
88045
69071
43073
35423
16515
42810
46694
54430
46692
2083
84703
53647
99120
38674
47461
62610
51889
13197
42802
56183
86409
78637
60644
41432
7876
71003
92922
63780
50558
65338
80737
