36640
25641
17828
52893
49
37354
73872
1791
88408
40761
8731
64390
93313
62437
11000
73325
82265
94671
51172
19758
7285
28675
73202
83661
67735
93103
20104
33418
48353
71000
3108
24574
96614
90216
89345
75912
84669
61493
99146
59799
94188
96622
34700
52844
61256
13776
51262
70361
1658
77337
37985
6961
39961
30653
35200
80799
31053
17869
15580
65236
33790
48421
3059
94412
42938
61889
37321
39508
21803
90585
57267
44216
74455
86433
59836
49920
75376
44403
35482
49617
4418
63806
73055
76153
78536
16126
81941
73631
94868
52235
44756
41445
76061
80853
28697
12207
39380
96310
42728
94928
