20611
49190
12751
92841
6784
83006
67895
75216
80047
86283
61446
36265
4471
49725
61405
85698
79463
72552
29674
45122
73954
87692
84341
76568
33970
55404
93665
69198
9764
783
7375
22150
3015
22155
98290
4980
39640
25925
93730
29710
19520
98220
29866
87654
26540
41394
87095
56484
95472
70675
16753
18112
39493
73877
20200
17355
66464
48
63383
65954
3613
71518
57088
4902
67986
46227
47909
45028
68542
39274
70195
64575
63525
16832
51722
67022
7954
9196
28720
38473
98250
83604
57520
53152
76720
83968
31201
47980
32052
25893
25031
87631
16935
70546
38637
82259
25786
98169
34920
69725
80864
47556
12689
51659
74564
18685
69043
19049
34933
34104
92706
74140
35580
72979
62395
70134
82243
44739
10340
97511
95700
5775
23098
71376
85704
31273
35531
59618
71428
92043
57431
59261
62492
42211
98387
20306
42079
74609
69335
22108
23644
63579
9759
61413
91216
86102
5617
72580
90385
32396
8225
33096
84546
52663
86382
27625
36779
8838
92546
52201
75268
42590
56008
59860
70424
95561
90537
12431
62589
26286
48409
21647
23691
37727
77600
40579
32308
72326
44982
80462
29497
24696
17116
68318
5110
85812
89337
18668
48413
43694
28544
96684
7877
36891
10446
86403
31709
45144
76221
76855
27520
84867
19770
77839
5310
8586
68716
70132
42857
54472
8998
89482
45097
51220
83155
49194
32688
19118
92174
10551
74948
23652
50796
94186
24390
59285
51760
10723
44163
40933
83168
90251
84218
4718
46995
21453
51905
9812
32480
18615
93141
98423
5676
28996
14821
87544
50551
75382
30019
86634
77329
49915
25659
87821
83108
2485
46005
68016
46116
13198
97945
88568
76028
93006
33473
17520
24194
66606
6229
83723
75083
11885
85924
38692
28239
32073
75912
35320
14304
48280
73105
57421
97030
15570
17902
30001
70488
61256
64534
75867
64481
92715
35794
12895
34404
9563
97428
51399
46160
23886
13129
2677
25442
74278
25627
7107
94113
78753
77194
55922
71044
57190
93481
33727
29943
32932
67780
85406
2471
52002
9065
76606
93108
57935
43985
16882
7681
60785
27818
40992
16222
9553
28701
37821
7172
98277
66855
71909
33076
97391
34785
98494
87091
75002
91390
367
9797
87505
36132
1703
42877
23887
9093
65961
88325
26997
23181
43483
39285
47924
92549
51607
33041
75804
78227
33419
91733
20508
14225
80874
63184
7474
68753
25539
48295
77796
59122
10536
57762
18797
3884
69632
33268
76040
742
2471
1415
97876
38878
5505
25697
6163
19799
11674
15123
63419
98038
99942
50868
60784
60425
68550
21560
82978
80436
20864
29443
2918
41711
11057
53265
85441
32561
92172
8211
85942
2118
52151
67123
62598
28444
28521
97959
42077
87523
25619
78146
82728
57766
58508
52154
54000
54402
11959
64843
40418
63562
81070
46549
53693
57
97569
24887
98259
17687
42521
17466
97049
53780
90098
13246
45689
15666
2188
13376
29002
17320
46310
57553
23167
81142
557
51683
65035
78881
4054
64143
43619
12517
86097
52961
24298
93988
60843
14184
38276
18386
35766
31446
47052
35507
16274
75582
82531
98184
71528
77428
34880
39687
50355
71822
8995
39953
5002
8103
52362
94186
9391
71943
47012
